65.97088661
46.24811916
37.88631965
33.0158822
29.74760993
27.36850251
25.54217363
24.08663574
22.89378309
21.89486358
21.043814
20.30847568
19.09806907
18.5926943
17.7301317
17.01951301
16.42266259
15.68574651
15.27494885
14.74997629
14.17895291
13.71612637
13.33311347
12.93803901
12.61290004
12.29153663
11.98714931
11.73913219
11.50702992
11.27391489
11.0875038
10.90886585
10.75612005
10.61827496
10.50439409
10.4061569
10.32068626
10.25318893
10.20060545
10.16434857
10.14159527
10.13316862
10.13908706
10.15945928
10.19498494
10.24470421
10.30998153
10.39051824
10.48826361
10.60278918
10.73476206
10.88618533
11.05763057
11.25091832
11.46630983
11.70528212
11.97046508
12.26148198
12.58174944
12.93293421
13.31633206
13.73288016
14.18554753
14.67670443
15.20925245
15.78326613
16.40157994
17.0682741
17.78455324
18.55377978
19.37749872
20.26074919
21.20407051
22.21276043
23.28995457
24.43837188
25.66164774
26.96529627
28.35197266
29.82770399
31.39558377
33.06197858
34.83123933
36.70973243
38.70301592
40.81753452
43.05984495
45.43715731
47.9573394
