128.4080108
122.192324
118.069256
97.90357672
72.32027515
53.16342724
45.944919
42.68341148
41.53464581
43.07605203
44.08213276
41.63706769
31.88223277
29.99255736
29.45578161
30.21693082
27.09044727
24.14087285
24.72525189
22.8500717
21.39845487
20.19082705
19.60068226
18.34037439
17.77019968
17.13720312
16.56101271
16.12807751
15.68020729
15.1926253
15.0012032
14.7724278
14.61953208
14.45900781
14.33054237
14.23644738
14.10421131
13.97441941
13.82782878
13.68589152
13.53146648
13.36428539
13.16773097
12.94471494
12.70346696
12.44508012
12.17329842
11.87830905
11.57157681
11.26195238
10.94757788
10.64345391
10.3300923
10.0510056
9.868955173
9.743008566
9.627346326
9.489286409
9.370046927
9.2648992
9.035266703
8.702980072
8.312812461
7.90459028
7.45400861
6.905944225
6.345494317
5.790309354
5.273394841
4.7779348
4.35595952
4.1161716
3.983487976
3.942987984
3.99219801
4.026296804
3.90154357
3.668868406
3.430774211
3.21646992
2.998039343
2.757246167
2.596198556
2.335943377
2.018939819
1.646870164
1.312006541
1.127485059
0.9251736094
