0.01999979251
0.03999958501
0.05999937752
0.07999917003
0.09999896253
0.119998755
0.1399985475
0.1599983401
0.1799981326
0.1999979251
0.2199977176
0.2399975101
0.2799970951
0.2999968876
0.3399964726
0.3799960576
0.4199956426
0.4799950202
0.5199946052
0.5799939827
0.6599931527
0.7399923227
0.8199914928
0.9199904553
1.019989418
1.139988173
1.27998672
1.419985268
1.579983608
1.779981533
1.979979458
2.219976968
2.479974271
2.779971158
3.099967839
3.459964104
3.879959746
4.339954974
4.859949579
5.419943769
6.05993713
6.77992966
7.57992136
8.479912023
9.499901441
10.61988982
11.87987675
13.27986222
14.85984583
16.61982757
18.57980724
20.77978441
23.23975889
25.99973026
29.0796983
32.51966262
36.37962257
40.67957796
45.49952795
50.89947193
56.93940927
63.67933934
71.21926112
79.65917355
89.11907541
99.67896585
111.4788434
124.6987063
139.4785529
156.0183813
174.4981896
195.1979749
218.317735
244.1974665
273.1571661
305.5368301
341.7364546
382.2560342
427.5555642
478.2550382
534.9344502
598.3537922
669.2730564
748.6122333
837.3513127
936.6102829
1047.629131
1171.807843
1310.726402
