0.02947523422
0.01669171664
0.01229328661
0.01001811109
0.008605774493
0.007632484129
0.006914741939
0.006359750679
0.005915328704
0.005549770714
0.005242639346
0.004980131208
0.004552932785
0.004376031206
0.004075493567
0.00382864718
0.003621335331
0.003364622698
0.003220762284
0.003035633507
0.002831887934
0.002664172598
0.002523018077
0.002374486714
0.002249387812
0.002122492258
0.001998494393
0.001893957481
0.001792480023
0.001685966294
0.001596449229
0.001505810785
0.001423193436
0.001342949033
0.001270773881
0.001202065914
0.001134513994
0.001072254559
0.001012959676
0.000959033048
0.00090692524
0.0008574828252
0.0008111490669
0.0007671901981
0.0007252506674
0.0006864730987
0.0006497141711
0.0006153168862
0.0005826554546
0.0005520857382
0.000523494401
0.0004965817493
0.0004714012742
0.0004478246318
0.0004259352877
0.0004056656102
0.0003869020301
0.0003697615347
0.0003541256261
0.0003400176404
0.0003274759423
0.0003165406166
0.0003072017698
0.0002994839991
0.0002934129234
0.0002890387109
0.0002863693901
0.0002854137538
0.0002861818081
0.0002886698277
0.0002928590584
0.000298740222
0.0003062706066
0.0003154373015
0.0003262118112
0.0003385604724
0.0003524608836
0.0003679176913
0.0003849077921
0.0004034545438
0.0004235510318
0.0004452376986
0.0004685348498
0.0004934943434
0.000520162205
0.0005486004802
0.0005788764796
0.0006110695996
0.000645271003
