175.6688619
115.1139902
91.41513215
78.05302462
69.22499425
62.84655988
57.96470401
54.07493122
50.88226316
48.20132069
45.90903129
43.92008217
40.62325079
39.23588795
36.84886563
34.86001304
33.17017396
31.05347379
29.85592473
28.30333057
26.58043986
25.15195339
23.94322655
22.66575017
21.58608295
20.48821158
19.41365588
18.50716125
17.62742744
16.70517423
15.93179905
15.15119529
14.44266016
13.75807741
13.1461767
12.56784349
12.00404711
11.48946545
11.00470208
10.56907917
10.15364081
9.765169238
9.406871231
9.072746935
8.759887736
8.476344337
8.213184725
7.972376152
7.749033518
7.545071433
7.359082318
7.188503351
7.033064545
6.891333821
6.763143547
6.647394366
6.542752941
6.449174292
6.365310947
6.290606101
6.224584316
6.166795722
6.116557644
6.073405251
6.036921922
6.006915962
5.983039772
5.96501069
5.952703868
5.945987546
5.944801481
5.949133733
5.959013739
5.974554233
5.995909529
6.02326675
6.056875575
6.09709353
6.144243203
6.198803878
6.261197211
6.332014302
6.411809651
6.50126707
6.601074749
6.71200043
6.834852362
6.97050536
7.119901273
