0.01644410614
0.01156352169
0.00941636816
0.008139410489
0.007257906373
0.006619500758
0.006116179694
0.005712573198
0.005376294848
0.005090992751
0.004851009465
0.004642710724
0.004294900181
0.004146915605
0.003897098078
0.003689411235
0.003513107246
0.003292127696
0.003167234792
0.00300369722
0.002821317557
0.002668415826
0.002537597431
0.002396688739
0.002273694587
0.002148125413
0.00202572946
0.001923537197
0.001826396079
0.001718930997
0.001629152539
0.0015371601
0.001452530847
0.001368053223
0.001291551467
0.001222336609
0.00115619684
0.001093076428
0.001028618679
0.0009732724196
0.0009186102826
0.0008636718372
0.0008095458523
0.0007646685143
0.000724486301
0.000687717305
0.0006508800147
0.0006184081895
0.0005911162189
0.0005600960754
0.0005330777513
0.0005064482076
0.0004823610704
0.0004627428084
0.000445379993
0.0004312757283
0.0004163588706
0.0004016029479
0.0003892566411
0.0003758695702
0.0003606074928
0.0003434024946
0.0003269673491
0.0003125863618
0.0003023707864
0.0002967121381
0.0002943534152
0.0002992081218
0.000309031417
0.0003235067912
0.0003382668609
0.0003530245376
0.0003677050249
0.0003828281658
0.0004022555347
0.0004215408316
0.0004373446807
0.0004436991769
0.000438045001
0.0004206154663
0.000389983892
0.0003483060759
0.0003149639199
0.0003038527367
0.0003016746099
0.0003043963935
0.0003090044704
0.0003179860813
0.0003325129788
