68.56558582
49.21900704
40.46797161
35.16378302
31.53361457
28.82891122
26.70272576
25.01289038
23.59541655
22.40616981
21.40131716
20.53215834
19.07011317
18.4468313
17.37412931
16.48630525
15.73825382
14.79690476
14.26023534
13.5621591
12.79721731
12.1725776
11.64473799
11.08393883
10.61187307
10.14838717
9.69286942
9.319083156
8.968599
8.613929116
8.340485082
8.081668323
7.857609974
7.650806953
7.465784774
7.30190084
7.150874909
7.023332714
6.921973863
6.859813347
6.832012351
6.841469024
6.890599274
6.980841924
7.104173035
7.254686214
7.43035375
7.63085133
7.873811992
8.161619148
8.513100077
8.927315597
9.394617765
9.924548949
10.51462866
11.16006694
11.83311827
12.54463559
13.31576631
14.15634448
15.03593812
15.95608105
16.93208153
17.89916214
18.83820211
19.76276361
20.54376133
21.03548575
21.23509736
21.20042172
20.95150028
20.3029885
19.26435319
17.93954836
16.53393265
15.05508294
13.56944676
12.15837744
10.57192316
9.194189685
8.167556114
7.094176487
5.990593984
4.859223656
4.28706968
3.847231743
3.38620951
3.456967737
3.501257991
