0.01455042496
0.01065126738
0.008961573114
0.007812110123
0.006792538086
0.006031462997
0.005462817203
0.0050606449
0.004754965367
0.004488825206
0.004285412281
0.004078147578
0.003728563802
0.003570593071
0.003334027943
0.003154136373
0.002995318722
0.002795222962
0.00268372569
0.002546266986
0.002389500973
0.002251626218
0.002137091036
0.002018513621
0.00192051208
0.001818884383
0.001716861679
0.001633489054
0.001550383155
0.001457638264
0.001381323531
0.001300476422
0.001227939892
0.001152639156
0.00108621471
0.001026196227
0.0009666456749
0.0009130546929
0.0008638263157
0.0008171972275
0.0007712825921
0.0007287953676
0.0006878325138
0.0006510209897
0.0006170163514
0.0005859284373
0.0005567086414
0.0005251295596
0.0004964088648
0.0004694474024
0.0004434537249
0.0004185480893
0.0003942308856
0.0003766157736
0.000362340143
0.0003480082914
0.0003347318448
0.0003221602622
0.0003120618462
0.000302413729
0.0002924839772
0.0002841798851
0.0002777038264
0.0002719036905
0.0002667013036
0.0002607158613
0.0002563493364
0.0002536882374
0.0002504452251
0.0002491911823
0.0002488558034
0.0002479169031
0.0002461901701
0.0002418138581
0.0002362281882
0.0002325110458
0.0002306661818
0.0002305568118
0.0002321185972
0.0002354357629
0.0002387686554
0.0002503733246
0.0002707225319
0.0002970116061
0.0003287697982
0.0003671623276
0.0004085176253
0.0004549452848
0.0005073996405
