80.16814899
58.14163655
48.51395159
43.0981513
39.57825993
36.6166467
33.70187957
31.04790642
28.58229957
26.68009694
25.2489881
24.15542855
23.17663668
22.28376298
21.59254711
21.02013653
20.512905
20.05565036
19.65016684
18.9511573
18.64556389
18.09184874
17.61511621
17.3784611
17.00654458
16.71926775
16.29935924
16.00042094
15.71741174
15.53497667
15.31469526
15.02191418
14.76751486
14.52359315
14.23996406
13.8805831
13.53762055
13.10736511
12.53092299
11.93805514
11.3008636
10.71195558
10.12097593
9.602874496
9.025505556
8.512143965
8.152103307
7.779868847
7.561318206
7.387801701
7.226351027
6.905130998
6.483453453
6.024479886
5.720543369
5.523165004
5.372867829
5.229955556
4.894977631
4.528991154
4.353967785
4.416529332
4.59701939
4.743018249
4.838459751
4.865686453
4.914187477
4.986238505
5.030389481
5.087702149
4.915627964
4.794569826
4.826358675
5.02594184
5.110020266
5.201422661
