0.01997846883
0.03995693765
0.05993540648
0.07991387531
0.09989234413
0.119870813
0.1398492818
0.1598277506
0.1798062194
0.1997846883
0.2197631571
0.2397416259
0.2597200947
0.2796985636
0.2996770324
0.3196555012
0.3396339701
0.3596124389
0.3795909077
0.4195478454
0.4395263142
0.4794832518
0.5194401895
0.5394186583
0.579375596
0.6193325336
0.6792679401
0.7192248778
0.7791602842
0.8191172219
0.8790526284
0.9589665037
1.01890191
1.098815785
1.178729661
1.258643536
1.338557411
1.438449756
1.5383421
1.658212913
1.778083726
1.897954539
2.03780382
2.177653102
2.337480853
2.517287072
2.697093292
2.89687798
3.096662668
3.316425825
3.556167451
3.815887546
4.095586109
4.395263142
4.714918643
5.054552613
5.414165052
5.813734429
6.233282274
6.692787057
7.172270309
7.691710498
8.251107625
8.830483221
9.489772693
10.16904063
10.90824398
11.68740426
12.54647842
13.44550952
14.42445449
15.46333487
16.6021076
17.80081572
19.07943773
20.45795208
