0.01975988773
0.01186487615
0.00904193956
0.007535664571
0.006576961524
0.005902688206
0.005397003633
0.00500041909
0.004679008297
0.004411890644
0.004185447155
0.003990380132
0.003669808028
0.003535890959
0.003306766981
0.003117032428
0.002956597028
0.002756547776
0.002643773243
0.002497947375
0.00233655859
0.002203018805
0.002090157902
0.001970951334
0.001870209244
0.001767716768
0.001667286509
0.001582419339
0.001499875706
0.001413081974
0.001340030816
0.001265979553
0.001198420879
0.00113276148
0.00107368289
0.001017435468
0.0009621406435
0.0009111957209
0.0008627043621
0.0008186373833
0.0007760979107
0.0007357815726
0.0006980506223
0.0006623066096
0.0006282592874
0.0005968312748
0.0005670885731
0.0005393005281
0.0005129513791
0.00048831579
0.0004652869567
0.0004436055451
0.0004232935874
0.0004042228776
0.0003864326849
0.0003698365063
0.0003543046077
0.0003398935102
0.0003264592001
0.0003139704659
0.000302406991
0.000291751263
0.0002819372302
0.0002729302176
0.0002646974294
0.0002572527802
0.0002505715729
0.0002446335869
0.000239458859
0.000235060088
0.0002314748818
0.0002287422438
0.0002269360478
0.000226138429
0.0002264620258
0.0002280423045
0.000231039637
0.000235647445
0.0002420762389
0.0002505743838
0.0002613967181
0.0002748378647
0.0002911964861
0.0003108061612
0.0003340127729
0.0003611940507
0.0003927567096
0.0004291500896
0.0004708754424
