0.01618266848
0.01134258462
0.009233981813
0.007985226176
0.00713607102
0.006510668213
0.006025369217
0.005634635061
0.005311274369
0.005037916719
0.004802877271
0.004597968094
0.004256332558
0.004111826623
0.003862165506
0.003653141058
0.003474807666
0.003250445439
0.003123008865
0.002957225847
0.00277246986
0.002618607145
0.002487893021
0.002349174548
0.00223143246
0.002111177773
0.001992897658
0.001892611475
0.001794782491
0.001691614816
0.001604545783
0.001516065698
0.00143515096
0.001356333774
0.001285264365
0.001217463581
0.001150675739
0.001089017293
0.00103021043
0.0009766620293
0.0009248647971
0.0008756701452
0.0008295282973
0.0007857146831
0.0007438771338
0.0007051562663
0.0006684088115
0.0006339725244
0.0006012125308
0.0005704740615
0.00054162972
0.0005143591067
0.0004886936463
0.0004644752095
0.000441757913
0.0004204363242
0.0004003475114
0.0003815685431
0.0003639154141
0.0003473486594
0.0003318422165
0.0003173727698
0.0003038483047
0.0002912144359
0.0002794133831
0.0002684484268
0.0002582600933
0.0002487820256
0.0002399962658
0.0002318561282
0.0002243369274
0.0002173844389
0.0002109842937
0.0002050884159
0.0001996679802
0.0001946965028
0.0001901439499
0.000185976424
0.0001821718222
0.0001786997969
0.0001755393254
0.0001726638327
0.0001700525848
0.0001676832398
0.0001655364235
0.0001635932676
0.0001618363964
0.0001602494138
0.0001588170182
