0.01572931582
0.01094578051
0.008774048586
0.007634032393
0.00681132094
0.006224226481
0.00573801919
0.00531148936
0.004998441287
0.004726713313
0.00452431431
0.004351801936
0.004187044148
0.004050100166
0.003931397449
0.003807546156
0.003691482265
0.003581603462
0.003490745273
0.003317551744
0.003236981624
0.003100885232
0.002989978228
0.002936399015
0.002813938917
0.002710344895
0.002556914694
0.002467108432
0.002343648286
0.002268280776
0.002164886673
0.002024464291
0.001934183758
0.001838959508
0.001770733622
0.001727961478
0.001692845847
0.00163933403
0.001592275992
0.001548747058
0.001508776104
0.001461691814
0.001397459574
0.001335985416
0.001295000524
0.001254394153
0.00122035779
0.001193602196
0.001163056981
0.001117192454
0.001071874461
0.001037484259
0.001012728148
0.0009653880892
0.0008997365489
0.0008539743993
0.0008251758526
0.0007952687539
0.000769003468
0.0007558207117
0.0007333644989
0.0006989992378
0.0006594899123
0.0006315928517
0.0006068763485
0.0005883216646
0.0005683944343
0.0005452632777
0.0005366393777
0.0005348128428
0.0005339202665
0.0005461161487
0.0005502023437
0.0005562380263
0.0005781743743
0.0005951088295
