0.01645592468
0.01121591406
0.009181796719
0.008009637102
0.007169883231
0.006510127676
0.005940383309
0.005519163519
0.005207482896
0.004914651165
0.004687602521
0.00451718445
0.004366738347
0.004244212758
0.004115087416
0.003983155777
0.003858200341
0.003732457324
0.003627841997
0.00342704329
0.003346676368
0.003198903397
0.003085712813
0.003033206762
0.002944113218
0.002876841506
0.002804031748
0.002766239414
0.002696068962
0.002652152758
0.002573594796
0.002468331491
0.002391437648
0.002285836946
0.002188864983
0.002105181596
0.002025076956
0.001927619418
0.001854477514
0.00177192546
0.001691026601
0.001626125083
0.001558625038
0.001494398775
0.001439310616
0.00138571971
0.001349091521
0.001297756526
0.001239907883
0.001200753166
0.00116762631
0.001140399171
0.001118737106
0.001091452922
0.001060918316
0.00103574458
0.001016607829
0.0009930488366
0.0009663311925
0.0009434636138
0.000912894012
0.000876765402
0.0008262606265
0.0007575633369
0.0006878936641
0.0006363853133
0.0005657250053
0.0004989889749
0.0004747472751
0.0004184583845
0.0003694127601
0.0003454308826
0.0003143650603
0.0003302178795
0.0003429456436
0.0003334160493
