0.01576007039
0.01073327689
0.008648997699
0.007440096136
0.006627564123
0.006033587851
0.005575066273
0.005207302683
0.00490384382
0.004647904885
0.004428255338
0.004237059761
0.004068663063
0.003918867841
0.0037844844
0.003663039659
0.003552582631
0.003451550771
0.00335867589
0.003193408242
0.003119426946
0.002985688404
0.00286779928
0.002813861757
0.002714531886
0.00262503208
0.002505973963
0.002435052567
0.002339130932
0.002281145697
0.002201729732
0.002107703688
0.002044597008
0.001968657314
0.001900606582
0.001839168495
0.001783338369
0.001720228453
0.001663393492
0.001602118615
0.001547175396
0.001497546498
0.001445302062
0.001398201668
0.001349667926
0.001300729212
0.0012568076
0.00121292844
0.001173411586
0.001134186958
0.00109567399
0.00105818835
0.001021957734
0.0009871377966
0.0009538269123
0.000922079147
0.0008919152056
0.0008619097035
0.0008337586978
0.0008062502421
0.0007806771128
0.000756027031
0.0007324940968
0.0007109234559
0.0006893305498
0.0006698911154
0.0006515043918
0.0006348071542
0.0006191448307
0.0006054197172
0.0005931586091
0.0005828054298
0.0005741909709
0.0005678131592
0.0005636588711
0.0005618470159
