0.01561388168
0.01093122081
0.008905833226
0.007732374849
0.006914170765
0.006315724837
0.005838980002
0.005462180914
0.005155233696
0.004891647034
0.004670802328
0.004477403803
0.00415271002
0.004009151195
0.003759309993
0.003549510325
0.003369463655
0.003141145328
0.003015441004
0.002857311926
0.00268399085
0.002541751774
0.002421261466
0.002295980518
0.002185975935
0.00206923168
0.001953752562
0.001854656685
0.001759313734
0.001656178637
0.001565330472
0.001473172605
0.001389694151
0.001309139484
0.001233846899
0.001158814893
0.001092382041
0.001032654298
0.0009765728276
0.0009273851
0.0008810318579
0.0008391956696
0.0007945042432
0.0007533949554
0.0007153829621
0.000679308076
0.0006409238009
0.0006030157194
0.0005690942936
0.0005378435517
0.0005097227851
0.0004816045553
0.0004620621689
0.0004497861646
0.000437919428
0.0004304145632
0.0004259083149
0.0004230577618
0.0004187476519
0.0004120562384
0.0004048817129
0.0003969240529
0.0003850079452
0.0003706476751
0.0003545594194
0.0003384102714
0.0003200007473
0.000301257299
0.0002851938631
0.0002755043468
0.0002727581519
0.0002716409355
0.0002698248576
0.0002705241039
0.0002716109396
0.0002686213155
0.000260172217
0.0002498042909
0.000243208161
0.0002340261199
0.0002176834889
0.0001988411377
0.0001736314133
0.0001411208986
0.0001111700703
9.860016161e-05
0.0001016507551
9.965578636e-05
0.0001013376216
