0.01621922543
0.01054859493
0.008347491639
0.007111459338
0.006296703132
0.005708823184
0.005259242397
0.004901189179
0.004607369261
0.004360655894
0.004149692787
0.003966615856
0.003805785004
0.003663036447
0.003535220744
0.003419905937
0.003315180344
0.003219517765
0.003131683024
0.002975623942
0.002905861417
0.002779895695
0.002669009596
0.002618321955
0.002525050002
0.002441087405
0.002329506681
0.002263097742
0.002173345644
0.002119125675
0.00204490856
0.001957097791
0.001898197208
0.001827353701
0.00176390003
0.001706635099
0.001654614449
0.001595828516
0.001542901694
0.001485852493
0.001434706295
0.00138851096
0.001339881682
0.001296037649
0.001250852306
0.001205277232
0.001164357721
0.001123455057
0.001086592215
0.001049968714
0.001013967372
0.0009788738305
0.0009448912726
0.0009121552344
0.0008807473205
0.0008507072329
0.0008220429151
0.0007933765684
0.0007663038504
0.0007396334575
0.0007145916175
0.0006901590725
0.0006664802138
0.0006443756456
0.0006217357729
0.0006007605167
0.0005802071002
0.0005606977178
0.000541338762
0.0005231086927
0.000505238464
0.0004881707685
0.0004713436056
0.0004554146847
0.0004401161992
0.0004252665988
