79.85342499
58.97487689
49.14405804
43.69345777
40.20744545
37.4942756
35.07963917
32.65251649
30.48537899
28.66251684
27.16572739
25.87143701
23.66444116
22.82865072
21.499262
20.32712273
19.41991185
18.21663662
17.56722941
16.6202687
15.64251636
14.90640616
14.32663997
13.68713933
13.12423196
12.57288062
12.03397488
11.55240283
10.9839212
10.42045113
9.968142681
9.542726842
9.146685866
8.785843546
8.49803877
8.208500269
7.927203055
7.675927466
7.437424654
7.230478176
7.035531036
6.854993771
6.691637194
6.550097862
6.403855521
6.25536897
6.11119509
5.985710958
5.874171734
5.765604781
5.671434958
5.590019412
5.533493601
5.48504037
5.432501241
5.357362321
5.260568082
5.14085268
5.001941956
4.831851921
4.65039353
4.46266788
4.265839132
4.070403579
3.843950936
3.620708537
3.393808863
3.148047874
2.923576738
2.696391392
2.500699365
2.301026583
2.082224543
1.918923288
1.790952922
1.726484111
1.666752642
1.538672791
1.402462136
1.261336291
1.141620492
0.9927409783
0.8723277577
0.8053920117
0.7908968006
0.7368845781
0.705803822
0.6970589611
0.6340943806
