70.83324534
49.919347
40.77003678
35.34950817
31.66624102
28.9568508
26.85757533
25.17017902
23.776224
22.60002377
21.59065657
20.71243842
19.93952334
19.25267158
18.63722716
18.08180393
17.57740428
17.11681183
16.69416261
15.94422799
15.60958141
15.00663943
14.47770175
14.23663543
13.79448389
13.39837592
12.87549295
12.56663329
12.1526498
11.90483936
11.56898349
11.17767383
10.91969968
10.61530803
10.34928806
10.11575626
9.91008629
9.686618843
9.495240101
9.301699535
9.14190165
9.011130943
8.890299826
8.799176364
8.726604972
8.679882179
8.665217691
8.681516539
8.727677864
8.808430923
8.927595633
9.088224526
9.292617435
9.542366417
9.838425725
10.18119998
10.5706425
11.02990473
11.53693838
12.11611019
12.74212219
13.44052901
14.21165262
15.02703592
15.97145501
16.9592363
18.04769538
19.20713688
20.49696038
21.85699038
23.34731543
24.93737932
26.68827565
28.53841955
30.51825011
32.6585664
