131.1880328
125.8845584
112.5929987
81.12819788
56.5951814
47.86568397
45.20845706
45.20240625
47.74287266
44.61085652
37.9812894
34.29889516
32.65474008
31.86440442
33.37199099
33.4714549
30.43858376
27.60476678
26.49089404
26.30648262
27.04390533
23.42920804
21.87307954
21.92459249
22.51775577
20.00139435
19.89748404
19.20515239
17.46804574
17.99136621
16.2024614
16.56478338
15.26414925
15.29765219
14.67257869
14.22007762
14.57358168
14.16203104
13.84054394
13.80738537
13.72510701
13.654287
13.66565879
13.70552154
13.70034034
13.38740175
13.15636335
12.91240868
12.79545782
12.51139423
12.32654785
11.95655777
11.63642081
11.44835605
11.39775945
11.62893191
11.89338568
12.14854723
12.36607322
12.56933932
12.68059493
12.70453541
12.69409476
12.5580266
12.02853123
11.13371005
10.13570067
9.103345318
8.240205173
7.566052591
7.078225754
7.124416019
7.198137085
7.197974334
7.302690983
7.467528657
