68.246554
48.5547948
40.62437453
35.2291185
31.77249148
29.11415476
27.14389039
25.27398112
23.61370835
22.34776487
21.28408025
20.42554506
19.69592303
19.10608667
18.5963211
18.10135675
17.65909009
17.22617254
16.79241315
16.03827889
15.68664649
15.05214398
14.41796014
14.13902496
13.65973266
13.28837552
12.83601589
12.6192389
12.3426895
12.14511056
11.77913918
11.38874096
11.20703522
11.03609665
10.86050411
10.68213001
10.45933432
10.14156196
9.886332964
9.676557061
9.571690093
9.465943768
9.327407687
9.151557475
8.956200631
8.778966056
8.663187485
8.584718203
8.55350921
8.5307482
8.535318968
8.583804998
8.683838481
8.877602378
9.163960921
9.541262705
10.00253375
10.51317861
11.02868007
11.65077247
12.30855069
13.04312546
13.87343257
14.78063409
15.78208603
16.82450204
18.0300473
19.33648699
20.79258508
22.25492939
23.85573298
25.5297619
27.34003537
29.20697023
31.27888921
33.49302975
