0.02399777119
0.01407461194
0.01058758654
0.008751340278
0.007594434888
0.006787253324
0.006185784303
0.005716571496
0.00533797502
0.005024504471
0.004759614201
0.004532057295
0.004333898042
0.004159362027
0.004004137519
0.003864933396
0.003739189523
0.003624881305
0.003520384317
0.003335778432
0.003253683167
0.003106102329
0.002976867887
0.002917999659
0.002810005574
0.002713149488
0.002584945876
0.002508913176
0.002406464696
0.002344743247
0.002260458247
0.002161026137
0.002094501569
0.002014664722
0.001943314783
0.001879048836
0.001820768334
0.00175501981
0.001695922528
0.001632323247
0.001575391083
0.00152403791
0.001470046762
0.001421426299
0.001371374069
0.001320945658
0.001275714676
0.001230544607
0.001189871044
0.001149493707
0.0011098327
0.001071200029
0.001033816295
0.0009978273748
0.0009633197773
0.0009303340563
0.0008988760755
0.0008674322869
0.0008377514287
0.0008085256894
0.000781097169
0.0007543478171
0.0007284348168
0.0007042547167
0.0006794993301
0.0006565736403
0.0006341182277
0.0006128122647
0.0005916795005
0.0005717876827
0.0005522972015
0.0005336906945
0.0005153554454
0.0004980080133
0.000481356336
0.0004652028038
