88.9441021
62.9119749
51.38371957
44.51389923
39.82728528
36.36892164
33.68197101
31.51679511
29.72393676
28.20772883
26.90371761
25.76668257
24.76383573
23.87074636
23.06878786
22.3434774
21.68336146
21.07924706
20.52365879
19.53450054
19.09153086
18.29054509
17.58432302
17.26117809
16.66607077
16.12988211
15.41672699
14.99201668
14.4177815
14.07078789
13.59575752
13.03372075
12.65678851
12.20357166
11.7978364
11.43190669
11.09973779
10.72472973
10.38750026
10.02452876
9.699674535
9.406810866
9.099180908
8.822511649
8.538187118
8.252395395
7.996798212
7.742430579
7.514325331
7.288968524
7.068900442
6.856043888
6.651800284
6.457146272
6.272723075
6.098914712
5.93591376
5.776275127
5.629277505
5.488830869
5.361771919
5.243288073
5.134765052
5.040281009
4.951838945
4.879050875
4.818112532
4.771774552
4.739169903
4.723107684
4.723874777
4.742782692
4.782051106
4.841484625
4.922481672
5.027241244
