90.59905255
64.01189311
52.26063264
45.26284993
40.490605
36.96973894
34.23453913
32.03062847
30.20575959
28.66250158
27.33522394
26.17788689
24.24803131
23.43168567
22.02132276
20.84064029
19.83348647
18.56672835
17.84745411
16.9120867
15.87025065
15.00321619
14.2671572
13.48667679
12.82485091
12.14962376
11.48633498
10.92473992
10.37772983
9.801912253
9.316932183
8.8251852
8.376617972
7.940905503
7.549240802
7.176848132
6.811422625
6.475506387
6.156633413
5.867761852
5.589901869
5.327650674
5.083358505
4.853132437
4.635108611
4.435141533
4.247210282
4.072954462
3.909072359
3.757198923
3.616564476
3.485481118
3.363976069
3.251164351
3.14714677
3.051269483
2.962637215
2.881415262
2.806626154
2.737931759
2.675045269
2.617685546
2.565304829
2.517519571
2.473945811
2.434431881
2.398603515
2.366081973
2.336670615
2.310087171
2.286135944
2.26454174
2.245169484
2.22779515
2.212269523
2.198464757
2.186258555
2.175536214
2.166232219
2.158280018
2.15165716
2.14635367
2.142400406
2.139859187
2.13883652
2.139487419
2.142025626
2.146734974
2.15398393
