0.0147145206
0.009928627326
0.008057981869
0.007098147468
0.006300214109
0.005694475386
0.005155433785
0.004813958652
0.004535248472
0.004284744056
0.004122999121
0.003939718048
0.003806586929
0.003671650829
0.003529584766
0.003428281185
0.003330175026
0.003247056508
0.003169334152
0.003028920049
0.002948362636
0.002812170821
0.0026864616
0.002617819875
0.002515448432
0.002403258765
0.002252513668
0.002178652842
0.00207601599
0.002014295771
0.001947873688
0.00188170003
0.001843720105
0.001801613993
0.001773921972
0.001750318763
0.001725797088
0.001700792878
0.00167185498
0.00163135595
0.001591917089
0.001564048853
0.001529645278
0.001494141774
0.001462873129
0.001421126707
0.001385937905
0.001330411552
0.001263098037
0.001198721953
0.00113719745
0.00106468285
0.000988676854
0.0009190702018
0.0008501488334
0.0007998670223
0.0007565787458
0.000725363064
0.0007072385565
0.0006982567279
0.0006890759279
0.0006876542105
0.0006843770522
0.0006637864236
0.0006400614324
0.0006104429399
0.0005816924778
0.000553218798
0.0005249784948
0.0005000696456
0.0004911977884
0.0004854684435
0.0004628869256
0.0004275908821
0.0003873874355
0.0003493769975
