336.9684363
185.9077206
134.5615981
108.3092809
92.18444863
81.17723513
73.12896036
66.95344165
62.04297535
58.03015453
54.67929036
51.83194206
49.37747822
47.23618682
45.34909741
43.67159109
42.16924592
40.81505357
39.58750518
37.44610053
36.5063806
34.83980807
33.40852972
32.76679924
31.60911117
30.5960518
29.30063436
28.56255037
27.61261161
27.07009758
26.37351439
25.63271336
25.19783766
24.75584442
24.45060217
24.26378698
24.18044601
24.20296521
24.34747792
24.65832513
25.09639227
25.64168056
26.39136879
27.24281835
28.31810888
29.63333739
31.03795966
32.68172713
34.39480689
36.34225145
38.52584976
40.94550686
43.59983479
46.48665343
49.60337818
52.94729711
56.51575426
60.50632468
64.71853013
69.35160616
74.20281159
79.47288624
85.16125309
91.06350549
97.78993492
104.7287132
112.2871729
120.2605752
129.0575159
138.2685235
148.302615
158.9547878
170.6345703
182.9319612
196.0516527
210.1984972
